{
  "x": 303.5,
  "y": 375.0,
  "width": 1513.5,
  "height": 800.0,
  "node_editor_width": 766.78125,
  "properties_width": 361.59375
}